Il-1.25
1.27
-1.29
-1.27
1.31
-1.29
-1.31
1.37
-1.40
-1.42
1.40
-1.37
-1.40
3.37
-1.42
-1.44
2.46
-1.58
1.52
-1.48
1.44
-1.46
-1.52
1.36
-1.54
-1.58
1.52
-1.60
1.56
-1.60
-1.56
4.54
-1.52
1.50
-1.46
2.48
-1.50
-1.46
4.48
-1.44
5.46
-1.48
1.44
-1.42
-1.40
1.35
-1.40
2.37
-1.42
1.46
-1.44
1.42
1.35
-1.31
-1.33
1.35
-1.40
1.37
-1.35
3.33
-1.31
4.33
-1.35
1.33
-1.31
3.33
-1.29
3.27
-1.29
1.31
-1.29
1.27
-1.29
2.37
-1.29
1.31
-1.33
2.29
-1.31
1.29
-1.31
3.29
-1.27
2.29
-1.27
1.29
-1.31
1.33
1.31
3.35
-1.42
1.44
3.46
-1.50
2.48
-1.50
4.54
-1.52
2.54
-1.50
11.48
